object Frame4: TFrame4
  Left = 0
  Top = 0
  ClientHeight = 103
  ClientWidth = 180
  FormFactor.Width = 320
  FormFactor.Height = 480
  FormFactor.Devices = [Desktop, iPhone, iPad]
  DesignerMasterStyle = 0
  object grpFrame: TGroupBox
    Position.X = 8.000000000000000000
    Position.Y = 8.000000000000000000
    Size.Width = 161.000000000000000000
    Size.Height = 81.000000000000000000
    Size.PlatformDefault = False
    Text = 'Frame'#26694#26694
    TabOrder = 0
    object btn1: TButton
      Position.X = 8.000000000000000000
      Position.Y = 16.000000000000000000
      Size.Width = 137.000000000000000000
      Size.Height = 49.000000000000000000
      Size.PlatformDefault = False
      TabOrder = 0
      Text = 'Frame'#19978#30340#25353#38062
    end
  end
end
